image: /home/wfighter/catkin_ws/src/auto_explore/maps/2018-4-8-test1.pgm
resolution: 0.050000
origin: [-10.000000, -10.000000, 0.000000]
negate: 0
occupied_thresh: 0.65
free_thresh: 0.196

